Calendar$MouseClicked.class
0 0 50 1 1 8 26217 29742 0 0 0 255 6 0 0 255 0 0 0 255 
Calendar.class
0 0 50 1 1 8 16 0 0 0 0 255 16 0 0 255 0 0 0 255 
Calendar.java
0 0 50 1 1 8 28524 28519 0 0 0 255 8 0 0 255 0 0 0 255 
Controller.class
0 0 50 1 1 8 70 0 0 0 0 255 70 0 0 255 0 0 0 255 
Controller.java
0 0 50 1 1 8 0 0 0 0 0 255 56 245 119 255 0 0 0 255 
DailySchedule.class
0 0 50 1 1 8 0 0 0 0 0 255 48 141 120 255 0 0 0 255 
DailySchedule.java
0 0 50 1 1 8 28528 29810 0 0 0 255 11 0 0 255 0 0 0 255 
MainFrame.class
0 0 50 1 1 8 0 0 0 0 0 255 72 103 119 255 0 0 0 255 
MainFrame.java
0 0 50 1 1 8 0 0 50 53 53 255 1 32 48 255 48 32 50 255 
run.class
0 0 50 1 1 8 27056 119 0 0 0 255 150 0 30 255 32 48 32 255 
run.java
0 0 50 1 1 8 1 0 35 127 0 255 120 123 115 255 35 127 0 255 
